44 37 124 - 103 100.0 186
44 36 131 - 97 88.0 194
41 34 128 - 106 102.0 188
35 35 119 - 88 88.0 184
46 37 124 - 99 99.0 179
35 35 119 - 91 92.0 185
23 22 26 - 201 191.0 197
43 34 123 - 98 92.0 186
42 34 121 - 102 98.0 180
29 36 111 - 67 75.0 157
43 32 124 - 98 90.0 186
43 36 124 - 103 100.0 187
30 28 118 - 81 80.0 176
46 37 124 - 99 99.0 179
33 32 114 - 77 83.0 168
37 29 112 - 82 81.0 172
35 35 126 - 81 82.0 175
41 35 126 - 85 87.0 165
38 30 117 - 89 92.0 173
38 35 113 - 80 69.0 168
35 33 118 - 97 91.0 190
41 36 126 - 104 106.0 201
30 31 122 - 83 90.0 185
37 37 125 - 79 80.0 177
38 30 117 - 89 92.0 173
40 35 125 - 83 86.0 163
40 37 136 - 85 83.0 179
32 31 119 - 88 82.0 189
39 35 125 - 97 92.0 184
33 35 121 - 86 95.0 160
35 35 126 - 81 82.0 176
41 33 133 - 82 87.0 169
39 38 117 - 92 96.0 176
39 35 125 - 97 92.0 184
32 31 118 - 91 82.0 192
41 37 127 - 94 97.0 177
41 36 126 - 104 106.0 201
34 33 118 - 93 92.0 189
36 40 124 - 77 80.0 179
35 32 123 - 84 74.0 189
35 35 125 - 83 88.0 174
38 33 116 - 76 75.0 167
33 34 118 - 86 88.0 185
40 32 133 - 83 86.0 171
36 32 112 - 72 74.0 162
34 36 111 - 92 96.0 177
39 38 117 - 92 96.0 176
32 33 110 - 75 80.0 164
39 33 117 - 76 75.0 167
35 35 125 - 83 91.0 167
32 33 121 - 78 87.0 161
41 36 129 - 93 94.0 176
38 34 130 - 92 98.0 173
32 30 111 - 75 78.0 161
33 35 111 - 93 97.0 177
36 32 112 - 72 74.0 162
43 36 121 - 96 86.0 187
34 28 120 - 97 88.0 193
37 29 112 - 82 81.0 172
34 34 118 - 86 89.0 186
37 37 125 - 79 80.0 177
38 37 127 - 95 101.0 184
39 29 122 - 95 92.0 183
32 31 112 - 75 79.0 166
27 26 32 - 59 64.0 95
35 33 122 - 86 78.0 188
35 32 117 - 92 86.0 181
43 35 120 - 101 89.0 193
38 34 130 - 92 98.0 173
30 31 122 - 83 90.0 185
40 31 123 - 96 94.0 184
39 38 128 - 95 102.0 192
33 32 114 - 77 83.0 168
31 33 109 - 74 80.0 164
25 25 82 - 85 101.0 137
41 31 124 - 106 102.0 191
43 37 118 - 89 88.0 174
39 38 134 - 82 87.0 181
40 37 136 - 85 83.0 179
36 38 128 - 86 97.0 171
42 35 121 - 102 99.0 181
97 96 104 - 166 175.0 184
37 33 121 - 96 92.0 187
39 38 134 - 84 89.0 173
44 34 124 - 89 85.0 181
30 28 118 - 81 80.0 176
35 36 127 - 81 83.0 183
39 46 111 - 73 87.0 140
34 37 113 - 99 102.0 190
44 36 131 - 97 88.0 194
36 38 128 - 86 97.0 170
40 37 131 - 92 103.0 167
35 36 127 - 81 83.0 183
38 30 110 - 85 80.0 166
34 38 113 - 99 109.0 190
41 34 128 - 106 102.0 188
35 36 127 - 81 83.0 183
35 36 127 - 81 83.0 183
40 37 131 - 92 103.0 170
38 33 123 - 96 92.0 187




54 62 218 - 125 149.0 255
53 75 219 - 119 157.0 255
61 86 219 - 129 172.0 255
128 117 127 - 133 122.0 132
70 73 218 - 126 153.0 255
54 66 222 - 121 149.0 255
54 66 222 - 121 149.0 255
69 71 216 - 126 153.0 255
55 55 215 - 115 116.0 255
63 87 220 - 131 172.0 255
52 75 219 - 121 157.0 255
58 65 222 - 129 148.0 255
64 84 226 - 137 153.0 255
53 77 227 - 117 168.0 255
48 85 216 - 112 162.0 255
61 61 228 - 116 123.0 255
47 60 212 - 92 126.0 255
49 53 225 - 104 109.0 255
54 50 223 - 105 108.0 255
57 70 225 - 113 148.0 255
59 62 221 - 118 127.0 255
48 85 216 - 112 162.0 255
61 79 221 - 126 171.0 255
65 85 226 - 137 153.0 255
63 78 219 - 115 152.0 255
57 72 224 - 113 133.0 255
58 76 222 - 118 138.0 255
55 76 221 - 148 170.0 255
63 81 225 - 149 175.0 255
49 58 217 - 98 112.0 255
63 60 218 - 117 121.0 255
65 81 226 - 149 175.0 255
55 77 221 - 150 172.0 255
63 76 220 - 150 152.0 255
57 72 224 - 113 133.0 255
64 79 220 - 115 153.0 255
55 58 225 - 106 119.0 255
54 77 218 - 115 162.0 255
58 72 219 - 131 141.0 255
56 52 225 - 103 107.0 255
48 58 217 - 98 111.0 255
66 72 223 - 117 136.0 255
66 72 223 - 117 136.0 255
48 58 217 - 98 111.0 255
49 50 220 - 99 96.0 255
59 72 220 - 132 141.0 255
54 78 218 - 115 163.0 255
55 58 225 - 106 119.0 255
60 65 220 - 121 125.0 255
51 47 217 - 110 118.0 255
61 69 212 - 119 140.0 255
62 73 223 - 150 146.0 255
65 63 224 - 125 115.0 255
65 65 223 - 146 137.0 255
54 72 222 - 114 147.0 255
68 75 218 - 131 162.0 255
52 47 217 - 112 118.0 255
66 60 220 - 114 108.0 255
63 54 221 - 126 120.0 255
65 62 226 - 123 127.0 255
51 43 224 - 89 82.0 255
56 59 221 - 121 112.0 255
56 80 210 - 143 173.0 255
59 83 214 - 143 174.0 255
56 59 221 - 121 112.0 255
57 61 215 - 105 116.0 255
61 59 222 - 107 104.0 255
51 51 216 - 119 123.0 255
57 61 221 - 117 129.0 255
54 39 214 - 107 106.0 253
61 46 218 - 113 101.0 255
60 55 223 - 121 115.0 255
54 66 222 - 121 149.0 255
54 66 222 - 121 149.0 255
60 55 222 - 121 115.0 255
61 46 218 - 113 101.0 255
54 39 214 - 107 106.0 253
57 62 220 - 122 128.0 255
59 50 222 - 105 96.0 255
54 39 214 - 106 105.0 255
63 63 224 - 128 130.0 255
60 55 222 - 121 115.0 255
68 65 226 - 112 122.0 255
68 65 226 - 112 122.0 255
60 55 222 - 121 115.0 255
64 63 223 - 126 130.0 255
48 44 218 - 114 113.0 255
59 50 222 - 105 96.0 255
65 65 224 - 120 129.0 255
58 62 223 - 111 113.0 255
57 81 223 - 115 153.0 255
63 59 227 - 116 119.0 255
56 59 219 - 111 124.0 255
58 54 220 - 120 122.0 255
55 62 218 - 115 141.0 255
54 66 222 - 121 149.0 255
54 66 222 - 121 149.0 255
54 66 222 - 121 149.0 255
54 66 222 - 121 149.0 255
55 62 218 - 115 141.0 255
58 54 220 - 120 122.0 255
56 59 219 - 110 116.0 255
63 59 227 - 116 119.0 255
56 80 224 - 115 153.0 255
58 64 225 - 103 114.0 255
57 62 219 - 120 129.0 255
59 62 223 - 111 113.0 255
64 65 224 - 120 129.0 255
53 52 223 - 99 103.0 255
62 63 223 - 126 121.0 255
54 74 221 - 130 140.0 255
55 61 219 - 117 139.0 255
54 62 222 - 110 119.0 255
54 66 222 - 121 149.0 255
54 66 222 - 121 149.0 255
54 66 222 - 121 149.0 255
54 66 222 - 121 149.0 255
55 65 218 - 111 123.0 255
55 62 218 - 115 141.0 255
57 77 222 - 114 140.0 255
62 63 223 - 126 121.0 255
49 44 219 - 114 113.0 255
61 62 220 - 138 140.0 255
57 61 221 - 117 129.0 255
67 70 220 - 127 125.0 255
58 64 225 - 103 114.0 255
53 52 223 - 99 103.0 255
57 76 220 - 128 149.0 255
55 78 212 - 137 160.0 255
66 67 223 - 143 142.0 255
65 76 213 - 129 143.0 255
54 66 222 - 121 149.0 255
54 66 222 - 121 149.0 255
54 66 222 - 121 149.0 255
54 66 222 - 121 149.0 255
60 72 223 - 122 143.0 255
68 67 225 - 136 134.0 255
55 77 214 - 137 159.0 255
58 77 221 - 128 150.0 255
53 63 220 - 125 137.0 255
58 56 220 - 88 95.0 255
67 70 220 - 127 125.0 255
61 62 219 - 136 138.0 255
50 43 224 - 89 82.0 255
61 70 211 - 133 136.0 255
62 65 220 - 120 126.0 255
51 76 215 - 129 173.0 255
63 70 223 - 137 147.0 255
58 64 219 - 113 132.0 255
54 66 222 - 121 149.0 255
54 66 222 - 121 149.0 255
56 62 218 - 112 132.0 255
63 70 223 - 137 147.0 255
53 75 216 - 116 171.0 255
59 61 221 - 118 118.0 255
58 79 222 - 127 149.0 255
47 43 217 - 76 80.0 255
58 65 216 - 123 125.0 255
61 77 214 - 150 167.0 255
58 49 222 - 113 96.0 255
60 70 219 - 111 132.0 255
53 82 214 - 136 158.0 255
58 69 217 - 124 134.0 255
56 79 222 - 133 143.0 255
51 65 221 - 117 147.0 255
52 51 215 - 90 101.0 255
51 72 224 - 99 132.0 255
65 62 220 - 122 116.0 255
55 59 224 - 118 129.0 255
56 52 226 - 113 104.0 255
56 80 226 - 133 155.0 255
56 65 214 - 127 132.0 255
53 83 215 - 134 185.0 255
63 73 222 - 130 151.0 255
58 49 222 - 113 96.0 255
60 69 223 - 120 149.0 255
53 54 222 - 91 100.0 255
61 77 215 - 139 158.0 255
55 85 222 - 138 163.0 255
58 66 218 - 127 149.0 255
55 87 212 - 122 165.0 255
51 74 219 - 106 145.0 255
50 75 221 - 123 151.0 255
52 51 215 - 90 101.0 255
52 65 221 - 120 150.0 255
54 66 222 - 121 149.0 255
49 50 220 - 99 97.0 255
50 75 220 - 120 152.0 255
51 74 219 - 106 145.0 255
56 84 217 - 144 161.0 255
58 66 218 - 127 149.0 255
56 85 222 - 138 163.0 255
59 71 220 - 121 151.0 255
53 54 222 - 91 100.0 255
60 65 221 - 134 140.0 255
60 69 223 - 120 149.0 255
61 86 221 - 136 177.0 255
63 70 221 - 130 147.0 255
53 86 220 - 129 192.0 255
53 83 220 - 106 152.0 255
48 73 213 - 126 156.0 255
55 60 224 - 118 129.0 255
54 66 222 - 121 149.0 255
54 66 222 - 121 149.0 255
52 71 223 - 104 133.0 255
48 73 213 - 126 156.0 255
53 83 220 - 106 152.0 255
53 88 222 - 127 175.0 255
62 69 219 - 130 147.0 255
61 86 221 - 136 177.0 255
67 74 222 - 131 135.0 255
61 65 220 - 142 147.0 255
61 66 219 - 121 128.0 255
60 57 218 - 116 113.0 255
56 68 221 - 126 146.0 255
64 89 225 - 135 178.0 255
48 76 219 - 107 143.0 255
52 93 223 - 140 173.0 255
87 82 87 - 168 161.0 168
54 66 222 - 121 149.0 255
53 73 225 - 100 133.0 255
51 70 222 - 104 133.0 255
54 66 222 - 121 149.0 255
54 54 218 - 103 98.0 255
51 90 224 - 136 165.0 255
46 74 218 - 107 143.0 255
64 89 226 - 137 175.0 255
54 68 221 - 126 146.0 255
60 57 218 - 116 113.0 255
67 73 220 - 138 143.0 255


mean:  206.18478260869563
mean:  212.19101123595505
mean:  203.9438202247191
mean:  191.7111111111111
mean:  208.25555555555556
mean:  190.9777777777778
mean:  72.89323843416369
mean:  201.29885057471265
mean:  198.86516853932582
mean:  177.2872340425532
mean:  200.632183908046
mean:  204.7640449438202
mean:  177.2111111111111
mean:  208.25555555555556
mean:  180.23529411764707
mean:  179.9318181818182
mean:  197.28089887640448
mean:  203.04444444444445
mean:  186.06741573033707
mean:  188.23655913978496
mean:  186.72727272727275
mean:  204.26136363636365
mean:  184.1538461538462
mean:  201.39325842696627
mean:  186.06741573033707
mean:  201.43333333333334
mean:  214.875
mean:  183.14606741573033
mean:  200.35555555555555
mean:  190.76666666666668
mean:  196.96629213483146
mean:  208.1818181818182
mean:  195.94444444444446
mean:  200.35555555555555
mean:  182.2888888888889
mean:  206.54945054945057
mean:  204.26136363636365
mean:  186.48314606741573
mean:  201.19780219780222
mean:  191.62921348314606
mean:  197.17977528089887
mean:  189.07777777777778
mean:  187.02222222222224
mean:  206.64772727272725
mean:  181.0439560439561
mean:  182.70454545454544
mean:  195.94444444444446
mean:  176.02247191011236
mean:  189.6
mean:  197.01123595505618
mean:  188.0888888888889
mean:  207.04444444444445
mean:  203.2
mean:  174.7111111111111
mean:  181.35227272727275
mean:  181.0439560439561
mean:  201.57608695652175
mean:  183.74193548387098
mean:  178.9438202247191
mean:  187.3888888888889
mean:  201.39325842696627
mean:  204.3
mean:  190.76136363636363
mean:  176.84444444444443
mean:  86.33050847457628
mean:  190.98876404494382
mean:  185.86021505376345
mean:  199.82608695652175
mean:  203.15555555555557
mean:  184.53846153846155
mean:  195.7303370786517
mean:  206.94444444444446
mean:  180.23529411764707
mean:  175.34831460674155
mean:  132.88541666666666
mean:  197.25842696629212
mean:  199.27472527472528
mean:  211.1685393258427
mean:  214.92045454545456
mean:  204.03333333333336
mean:  199.67415730337078
mean:  298.2293853073463
mean:  192.4777777777778
mean:  212.4943820224719
mean:  202.9
mean:  177.2111111111111
mean:  198.97752808988764
mean:  196.2736842105263
mean:  185.80459770114942
mean:  212.19101123595505
mean:  202.93258426966293
mean:  209.41573033707863
mean:  198.97752808988764
mean:  179.34883720930233
mean:  185.90804597701148
mean:  203.9438202247191
mean:  198.97752808988764
mean:  198.97752808988764
mean:  209.52222222222224
mean:  194.68604651162792



mean:  335.7582417582418
mean:  347.5473684210526
mean:  368.13483146067415
mean:  373.7378640776699
mean:  362.97826086956525
mean:  344.41111111111115
mean:  344.41111111111115
mean:  357.94623655913983
mean:  326.97916666666663
mean:  371.4842105263158
mean:  347.66666666666663
mean:  345.65555555555557
mean:  375.79999999999995
mean:  358.23333333333335
mean:  350.5934065934066
mean:  350.60215053763443
mean:  320.89130434782606
mean:  329.2696629213483
mean:  328.08247422680415
mean:  353.8461538461539
mean:  343.78260869565213
mean:  350.5934065934066
mean:  362.6777777777778
mean:  377.3
mean:  361.2659574468085
mean:  354.67391304347825
mean:  357.5842696629213
mean:  353.35955056179773
mean:  371.0909090909091
mean:  325.1538461538462
mean:  342.94505494505495
mean:  373.98850574712645
mean:  354.82022471910113
mean:  360.15555555555557
mean:  354.67391304347825
mean:  365.1505376344086
mean:  339.2134831460674
mean:  349.8426966292135
mean:  350.67415730337075
mean:  334.39560439560444
mean:  325.02173913043475
mean:  362.804347826087
mean:  362.5869565217391
mean:  325.02173913043475
mean:  320.47777777777776
mean:  352.1573033707865
mean:  352.1034482758621
mean:  339.2584269662921
mean:  346.2150537634409
mean:  316.57608695652175
mean:  343.63829787234044
mean:  358.6966292134831
mean:  352.54945054945057
mean:  354.07608695652175
mean:  349.2555555555556
mean:  362.7789473684211
mean:  317.86956521739125
mean:  347.5463917525773
mean:  339.063829787234
mean:  355.03260869565213
mean:  319.3870967741936
mean:  337.6701030927835
mean:  347.4255319148936
mean:  356.68131868131866
mean:  337.60416666666663
mean:  333.86021505376345
mean:  342.96875
mean:  319.59375
mean:  341.05555555555554
mean:  309.24468085106383
mean:  326.5164835164835
mean:  340.21875
mean:  344.41111111111115
mean:  344.41111111111115
mean:  338.09473684210525
mean:  326.3846153846154
mean:  309.24468085106383
mean:  340.96629213483146
mean:  332.92391304347825
mean:  308.98924731182797
mean:  351.314606741573
mean:  338.09473684210525
mean:  360.4269662921348
mean:  360.4719101123595
mean:  338.09473684210525
mean:  351.3483146067416
mean:  311.875
mean:  332.92391304347825
mean:  354.7173913043478
mean:  344.34831460674155
mean:  361.6444444444445
mean:  350.39130434782606
mean:  335.12765957446805
mean:  333.05434782608694
mean:  336.48888888888894
mean:  344.41111111111115
mean:  344.41111111111115
mean:  344.41111111111115
mean:  344.41111111111115
mean:  336.48888888888894
mean:  333.05434782608694
mean:  335.90322580645164
mean:  350.39130434782606
mean:  360.7444444444444
mean:  348.57303370786514
mean:  339.36263736263743
mean:  345.82022471910113
mean:  354.61956521739125
mean:  329.6521739130435
mean:  350.1397849462366
mean:  349.86956521739125
mean:  335.9662921348314
mean:  339.5851063829787
mean:  344.41111111111115
mean:  344.41111111111115
mean:  344.41111111111115
mean:  344.41111111111115
mean:  339.5744680851064
mean:  336.48888888888894
mean:  357.11956521739125
mean:  350.1397849462366
mean:  312.62921348314603
mean:  344.20879120879124
mean:  340.9
mean:  357.61111111111114
mean:  348.57303370786514
mean:  329.75
mean:  355.2608695652174
mean:  346.53846153846155
mean:  357.65555555555557
mean:  356.07216494845363
mean:  344.41111111111115
mean:  344.41111111111115
mean:  344.41111111111115
mean:  344.41111111111115
mean:  355.968085106383
mean:  361.2888888888889
mean:  347.92391304347825
mean:  357.36170212765956
mean:  336.89130434782606
mean:  334.9673913043478
mean:  358.98888888888894
mean:  343.2391304347826
mean:  319.7826086956522
mean:  343.31632653061223
mean:  348.67346938775506
mean:  342.9207920792079
mean:  357.52173913043475
mean:  341.741935483871
mean:  344.41111111111115
mean:  344.41111111111115
mean:  336.7578947368421
mean:  357.5108695652174
mean:  345.76041666666663
mean:  342.24719101123594
mean:  361.08247422680415
mean:  307.6145833333333
mean:  340.7142857142857
mean:  352.7640449438202
mean:  329.8064516129033
mean:  350.22222222222223
mean:  349.5108695652174
mean:  345.1182795698925
mean:  357.7701149425287
mean:  338.0112359550562
mean:  319.82795698924735
mean:  348.2808988764045
mean:  348.3846153846154
mean:  338.6966292134831
mean:  335.0879120879121
mean:  363.5568181818182
mean:  336.3478260869565
mean:  351.7934782608695
mean:  360.4666666666667
mean:  329.8064516129033
mean:  353.32258064516134
mean:  329.61538461538464
mean:  353.685393258427
mean:  363.7553191489361
mean:  344.05882352941177
mean:  355.77272727272725
mean:  345.4891304347826
mean:  347.1770833333333
mean:  319.6666666666667
mean:  340.4888888888889
mean:  344.41111111111115
mean:  319.4666666666667
mean:  347.4895833333333
mean:  345.4891304347826
mean:  357.87912087912093
mean:  344.05882352941177
mean:  363.8510638297872
mean:  350.35227272727275
mean:  329.61538461538464
mean:  347.6703296703297
mean:  353.6881720430108
mean:  369.19101123595505
mean:  356.55555555555554
mean:  360.7127659574468
mean:  357.6703296703297
mean:  336.031914893617
mean:  340.4269662921348
mean:  344.41111111111115
mean:  344.41111111111115
mean:  346.84444444444443
mean:  336.031914893617
mean:  357.6703296703297
mean:  365.07865168539325
mean:  352.6521739130435
mean:  369.19101123595505
mean:  364.1978021978023
mean:  347.1666666666667
mean:  347.93333333333334
mean:  337.1666666666667
mean:  345.77173913043475
mean:  378.59550561797755
mean:  343.47826086956525
mean:  369.0315789473684
mean:  257.5792452830189
mean:  344.41111111111115
mean:  351.7977528089888
mean:  344.95604395604397
mean:  344.41111111111115
mean:  328.55319148936167
mean:  366.6847826086956
mean:  338.90322580645164
mean:  379.32222222222225
mean:  344.2173913043478
mean:  337.1666666666667
mean:  361.3406593406594


